234
259
17
236
62
129
215
242
221
211
118
32
201
232
39
193
212
125
85
246
9
131
179
31
172
137
48
126
181
19
192
35
89
241
177
28
2
16
114
175
190
81
144
171
252
47
26
34
124
200
105
104
263
168
6
167
68
1
8
53
10
122
119
262
18
247
170
261
58
151
206
107
243
120
56
139
110
150
111
38
50
159
123
108
41
257
46
165
13
45
83
265
75
63
186
158
22
66
184
235
183
27
204
195
191
226
222
98
255
77
210
117
148
162
72
229
205
130
95
249
127
92
94
69
133
112
182
54
33
136
218
213
134
208
223
70
55
99
78
156
264
93
244
153
52
160
71
86
21
240
25
149
152
219
76
115
260
203
164
24
187
238
155
42
5
51
128
143
109
194
180
102
217
100
3
225
23
227
258
231
154
4
209
12
216
61
188
36
57
220
228
101
198
90
224
88
248
74
189
82
230
49
251
207
245
40
11
7
14
97
96
30
142
174
116
233
253
73
67
60
196
91
64
157
169
237
106
20
250
146
176
135
43
140
178
197
29
166
59
214
44
163
132
113
202
141
199
121
79
15
254
145
256
173
84
161
80
87
147
239
37
65
138
185