119
29
262
79
182
47
68
57
41
13
130
69
157
56
123
84
170
213
162
74
184
88
30
248
11
91
96
5
134
245
89
234
208
1
71
219
174
217
254
108
3
220
141
10
190
230
107
193
256
143
93
81
113
231
261
218
148
155
61
259
65
66
171
249
72
136
42
169
129
210
144
52
189
194
28
15
233
8
250
25
147
163
188
94
121
186
223
226
77
215
221
115
125
255
204
131
102
176
36
199
9
164
156
185
58
227
160
6
138
48
180
114
168
203
33
60
39
133
49
85
55
109
146
228
214
124
80
90
202
150
2
50
95
82
128
142
32
243
139
92
211
34
22
151
117
23
18
191
46
206
24
232
225
222
264
122
40
205
153
132
20
14
145
159
120
149
166
12
98
263
187
105
104
101
4
251
70
37
236
244
240
16
53
78
116
241
27
207
19
54
76
201
31
165
154
7
38
179
112
175
167
242
135
127
152
118
209
21
200
44
99
229
265
83
237
239
183
258
181
87
17
62
158
106
198
212
73
100
111
253
192
178
196
257
51
260
195
64
97
173
197
67
75
238
35
26
224
137
246
247
140
86
59
43
177
235
252
216
126
172
63
161
45